function colors = customColors

% Load custom colors
%
% Alessandro Antonucci @AlexRookie
% University of Trento

DarkOrange  = [1.0000 0.5490 0.0000];
DodgerBlue  = [0.1176 0.5647 1.0000];
ForestGreen = [0.1333 0.5451 0.1333];
Crimson     = [0.8627 0.0784 0.2353];
DarkBlue    = [0.0000 0.0000 0.5451];
Burlywood   = [0.8706 0.7216 0.5294];
DarkCyan    = [0.0000 0.5451 0.5451];
Silver      = [0.7529 0.7529 0.7529];
DarkOrchid  = [0.6000 0.1961 0.8000];
Goldenrod   = [0.8549 0.6471 0.1255];
color1 = [0, 0.4470, 0.7410];
color2 = [0.8500, 0.3250, 0.0980];
color3 = [0.9290, 0.6940, 0.1250];
color4 = [0.4940, 0.1840, 0.5560];
color5 = [0.4660, 0.6740, 0.1880];
color6 = [0.3010, 0.7450, 0.9330];
color7 = [0.6350, 0.0780, 0.1840];
color8 = [0, 0.75, 0.75];
color9 = [0.75, 0, 0.75];
color10 = [0.25, 0.25, 0.25];

colors = {DarkOrange, DodgerBlue, ForestGreen Crimson, DarkBlue, ...
          Burlywood, DarkCyan, Silver, DarkOrchid, Goldenrod, ...
          color1, color2, color3 color4, color5, ...
          color6, color7, color8, color9, color10};

end